5612971340   924-YUT      8.00     23.00        51      7.00     12.88    184.00    196.88
7542346622   453-TTT     92.00     25.25       110      7.00    162.61   2323.00   2485.61
3054432762   213-ABC     15.00    105.02       111      8.00    126.02   1575.30   1701.32
9544321011   321-XMZ    112.00     32.41        92      7.00    254.09   3629.92   3884.01
8776219988   444-SSS    100.00     12.12        86      7.00     84.84   1212.00   1296.84
9042224556   290-P23    297.00      9.62       500      9.00    257.14   2857.14   3114.28
5617278899   893-42T    642.00      0.81        72      7.00     36.40    520.02    556.42
5612971340   452-XLY     42.00     99.99       503     11.00    461.95   4199.58   4661.53
7542346622   742-6Z4     13.00     66.48         3      6.00     51.85    864.24    916.09
3054432762   742-6Z5    209.00      0.77         2      6.00      9.66    160.93    170.59
9544321011   742-6Z6    108.00      1.17         1      6.00      7.58    126.36    133.94
8776219988   213-ABC     67.00    105.02       111      8.00    562.91   7036.34   7599.25
9042224556   321-XMZ    500.00     32.41        92      7.00   1134.35  16205.00  17339.35
5617278899   290-P23     16.00      9.92       500      9.00     14.28    158.72    173.00
8776219988   23Z-00Q     82.00      9.62       201      9.00     71.00    788.84    859.84
9042224556   23Z-00Q     87.00      9.62       201      9.00     75.32    836.94    912.26
5619098192   483-29Q    200.00     12.00        23      6.00    144.00   2400.00   2544.00
